0.000000000000000000e+00,3.792429447174072266e+00,6.279256343841552734e+00,9.530128479003906250e+00,1.276733589172363281e+01,1.567400074005126953e+01,1.842837333679199219e+01,1.883258247375488281e+01,2.146561431884765625e+01,2.361458969116210938e+01,2.431401824951171875e+01,2.418495559692382812e+01,2.396659851074218750e+01,2.121870231628417969e+01,2.137549781799316406e+01,1.896352767944335938e+01,1.631484603881835938e+01,1.690455245971679688e+01,1.701010704040527344e+01,1.354868507385253906e+01,1.215909957885742188e+01,1.454387187957763672e+01,1.389166069030761719e+01,1.019428157806396484e+01,1.180717849731445312e+01,1.462823581695556641e+01,1.260657882690429688e+01,1.092839717864990234e+01,7.315255641937255859e+00,5.195899009704589844e+00,4.793718814849853516e+00,6.602649211883544922e+00,1.000420284271240234e+01,1.233721065521240234e+01,1.593573951721191406e+01,1.837896728515625000e+01,2.151719474792480469e+01,2.184203720092773438e+01,2.532633399963378906e+01,2.765864372253417969e+01,2.856698799133300781e+01,2.677511787414550781e+01,2.398985671997070312e+01,2.182287216186523438e+01,2.300189971923828125e+01,2.081936073303222656e+01,1.764456367492675781e+01,1.957119178771972656e+01,2.060978889465332031e+01,1.707313537597656250e+01,1.616482162475585938e+01,1.939525794982910156e+01,1.869488143920898438e+01,1.543156814575195312e+01,1.741054153442382812e+01,2.046967506408691406e+01,2.265551757812500000e+01,2.587516593933105469e+01,2.669606208801269531e+01,2.499965095520019531e+01,2.719427108764648438e+01,2.579347229003906250e+01,2.229286384582519531e+01,2.122010993957519531e+01,1.836314010620117188e+01,1.566804122924804688e+01,1.406805896759033203e+01,1.072618293762207031e+01,8.806925773620605469e+00,7.268904685974121094e+00,4.794560432434082031e+00,8.283177375793457031e+00,8.989804267883300781e+00,1.160416126251220703e+01,1.283267974853515625e+01,1.310461139678955078e+01,1.542576313018798828e+01,1.629357910156250000e+01,1.624486160278320312e+01,1.897773933410644531e+01,1.699839973449707031e+01,1.399718093872070312e+01,1.679872703552246094e+01,1.806064987182617188e+01,1.488475513458251953e+01,1.495164394378662109e+01,1.867289733886718750e+01
3.792429447174072266e+00,0.000000000000000000e+00,3.843693971633911133e+00,6.543071269989013672e+00,1.004976081848144531e+01,1.288755607604980469e+01,1.596547794342041016e+01,1.686639785766601562e+01,1.922695732116699219e+01,2.181429290771484375e+01,2.238414573669433594e+01,2.174528503417968750e+01,2.130039787292480469e+01,1.826745605468750000e+01,1.835885429382324219e+01,1.562812519073486328e+01,1.324296474456787109e+01,1.431730556488037109e+01,1.416339683532714844e+01,1.047058391571044922e+01,9.901923179626464844e+00,1.261681842803955078e+01,1.163319396972656250e+01,8.393073081970214844e+00,1.099838638305664062e+01,1.361461353302001953e+01,1.171245574951171875e+01,1.115642642974853516e+01,7.417730808258056641e+00,6.469542026519775391e+00,4.485633850097656250e+00,6.381840229034423828e+00,8.576207160949707031e+00,1.086731529235839844e+01,1.421398067474365234e+01,1.637373733520507812e+01,1.957823944091796875e+01,2.050311660766601562e+01,2.382152557373046875e+01,2.575272560119628906e+01,2.642309379577636719e+01,2.494169425964355469e+01,2.204233360290527344e+01,2.029195022583007812e+01,2.137656402587890625e+01,1.967353057861328125e+01,1.618272209167480469e+01,1.749122810363769531e+01,1.887627029418945312e+01,1.562551307678222656e+01,1.395964908599853516e+01,1.708606529235839844e+01,1.695935058593750000e+01,1.354098796844482422e+01,1.486744594573974609e+01,1.825103378295898438e+01,2.008442878723144531e+01,2.339892196655273438e+01,2.388695526123046875e+01,2.198789024353027344e+01,2.391372108459472656e+01,2.228403282165527344e+01,1.886743927001953125e+01,1.769947433471679688e+01,1.496388721466064453e+01,1.220238876342773438e+01,1.053776550292968750e+01,7.041305065155029297e+00,5.644222736358642578e+00,4.831473827362060547e+00,4.790712356567382812e+00,8.293530464172363281e+00,7.964760780334472656e+00,9.614002227783203125e+00,9.913367271423339844e+00,9.704356193542480469e+00,1.174803733825683594e+01,1.250513744354248047e+01,1.258448696136474609e+01,1.532829761505126953e+01,1.339662742614746094e+01,1.053499031066894531e+01,1.362351799011230469e+01,1.496613407135009766e+01,1.206274890899658203e+01,1.269871711730957031e+01,1.642409133911132812e+01
6.279256343841552734e+00,3.843693971633911133e+00,0.000000000000000000e+00,3.813735723495483398e+00,6.609495162963867188e+00,9.851611137390136719e+00,1.302074623107910156e+01,1.428394031524658203e+01,1.702892303466796875e+01,1.954898643493652344e+01,1.959616661071777344e+01,1.897846984863281250e+01,1.904745292663574219e+01,1.622713088989257812e+01,1.706337738037109375e+01,1.452943038940429688e+01,1.167058277130126953e+01,1.339190578460693359e+01,1.405211067199707031e+01,1.049814987182617188e+01,1.000143527984619141e+01,1.343366146087646484e+01,1.317801952362060547e+01,1.048694419860839844e+01,1.293453598022460938e+01,1.592024040222167969e+01,1.467887306213378906e+01,1.419871520996093750e+01,1.065022754669189453e+01,8.954238891601562500e+00,5.601180553436279297e+00,4.983417510986328125e+00,6.027365207672119141e+00,7.372933387756347656e+00,1.080901718139648438e+01,1.268570995330810547e+01,1.604184341430664062e+01,1.707621192932128906e+01,2.047854423522949219e+01,2.246051025390625000e+01,2.293669319152832031e+01,2.127751922607421875e+01,1.828826713562011719e+01,1.646972084045410156e+01,1.754793930053710938e+01,1.594026851654052734e+01,1.238194656372070312e+01,1.376816558837890625e+01,1.533403396606445312e+01,1.222478389739990234e+01,1.060836315155029297e+01,1.402813148498535156e+01,1.421004486083984375e+01,1.118326759338378906e+01,1.270961952209472656e+01,1.616102409362792969e+01,1.761656951904296875e+01,2.064869308471679688e+01,2.100179100036621094e+01,1.899258041381835938e+01,2.125234031677246094e+01,1.993882179260253906e+01,1.630644416809082031e+01,1.525296211242675781e+01,1.242378330230712891e+01,9.982054710388183594e+00,8.269927024841308594e+00,5.739826202392578125e+00,5.162292957305908203e+00,6.819042205810546875e+00,7.493041992187500000e+00,1.011057376861572266e+01,8.264260292053222656e+00,1.002903938293457031e+01,9.478938102722167969e+00,9.980559349060058594e+00,1.098602581024169922e+01,1.154022312164306641e+01,1.233645820617675781e+01,1.549131298065185547e+01,1.390289020538330078e+01,1.164287662506103516e+01,1.503853130340576172e+01,1.660133934020996094e+01,1.418772983551025391e+01,1.542516422271728516e+01,1.904016113281250000e+01
9.530128479003906250e+00,6.543071269989013672e+00,3.813735723495483398e+00,0.000000000000000000e+00,3.840124130249023438e+00,6.352791309356689453e+00,9.614623069763183594e+00,1.117477416992187500e+01,1.360415077209472656e+01,1.643113327026367188e+01,1.646219444274902344e+01,1.548367881774902344e+01,1.535056591033935547e+01,1.243748664855957031e+01,1.340503978729248047e+01,1.098140811920166016e+01,7.987663745880126953e+00,1.014099884033203125e+01,1.111480045318603516e+01,7.877198219299316406e+00,7.876133441925048828e+00,1.156379127502441406e+01,1.173826503753662109e+01,1.001147556304931641e+01,1.249148941040039062e+01,1.535011959075927734e+01,1.483308887481689453e+01,1.496001148223876953e+01,1.189776134490966797e+01,1.066827583312988281e+01,7.058506011962890625e+00,6.224807739257812500e+00,4.775431156158447266e+00,6.081044197082519531e+00,8.529579162597656250e+00,1.040397453308105469e+01,1.345625019073486328e+01,1.496278381347656250e+01,1.801176452636718750e+01,1.956707954406738281e+01,2.006504631042480469e+01,1.888219261169433594e+01,1.608013153076171875e+01,1.494567108154296875e+01,1.636663627624511719e+01,1.557901859283447266e+01,1.176810550689697266e+01,1.256457805633544922e+01,1.496314334869384766e+01,1.259045696258544922e+01,1.027230167388916016e+01,1.364773178100585938e+01,1.484098529815673828e+01,1.219731521606445312e+01,1.287371444702148438e+01,1.658007431030273438e+01,1.722235298156738281e+01,2.004980278015136719e+01,1.970291900634765625e+01,1.713702392578125000e+01,1.912944221496582031e+01,1.748274040222167969e+01,1.384882831573486328e+01,1.217077445983886719e+01,8.981817245483398438e+00,6.465994358062744141e+00,5.857676029205322266e+00,4.565643310546875000e+00,6.562424182891845703e+00,9.050739288330078125e+00,1.074800300598144531e+01,1.335065078735351562e+01,1.121020984649658203e+01,1.202181339263916016e+01,1.025379276275634766e+01,9.936380386352539062e+00,9.640164375305175781e+00,9.064223289489746094e+00,9.702598571777343750e+00,1.323304271697998047e+01,1.246725177764892578e+01,1.046151828765869141e+01,1.361491775512695312e+01,1.571091461181640625e+01,1.409856033325195312e+01,1.546440601348876953e+01,1.890427207946777344e+01
1.276733589172363281e+01,1.004976081848144531e+01,6.609495162963867188e+00,3.840124130249023438e+00,0.000000000000000000e+00,3.793946981430053711e+00,7.286835193634033203e+00,9.747115135192871094e+00,1.243705463409423828e+01,1.517269706726074219e+01,1.436401844024658203e+01,1.319821834564208984e+01,1.377987289428710938e+01,1.124507236480712891e+01,1.321779632568359375e+01,1.119100570678710938e+01,8.150293350219726562e+00,1.106048011779785156e+01,1.272545909881591797e+01,1.017256546020507812e+01,1.049030685424804688e+01,1.418942356109619141e+01,1.477241230010986328e+01,1.356401634216308594e+01,1.584758472442626953e+01,1.870893859863281250e+01,1.849346733093261719e+01,1.868806648254394531e+01,1.570593261718750000e+01,1.422716617584228516e+01,1.048256397247314453e+01,8.568315505981445312e+00,5.923290729522705078e+00,4.700052261352539062e+00,6.078700065612792969e+00,6.895547389984130859e+00,1.018668270111083984e+01,1.220868396759033203e+01,1.519939041137695312e+01,1.661433029174804688e+01,1.668575477600097656e+01,1.538150978088378906e+01,1.239407730102539062e+01,1.144738101959228516e+01,1.278698825836181641e+01,1.249089050292968750e+01,8.669393539428710938e+00,9.055719375610351562e+00,1.191679763793945312e+01,1.022801876068115234e+01,7.810931682586669922e+00,1.116818428039550781e+01,1.299824905395507812e+01,1.118326377868652344e+01,1.168263244628906250e+01,1.518749618530273438e+01,1.516889953613281250e+01,1.751380348205566406e+01,1.686322021484375000e+01,1.411710739135742188e+01,1.642667770385742188e+01,1.519609069824218750e+01,1.142533779144287109e+01,9.961176872253417969e+00,6.887441158294677734e+00,5.489880561828613281e+00,5.228845119476318359e+00,6.416906833648681641e+00,8.650593757629394531e+00,1.192844009399414062e+01,1.377499771118164062e+01,1.579738235473632812e+01,1.295009422302246094e+01,1.359923458099365234e+01,1.130702590942382812e+01,1.160407352447509766e+01,1.026438426971435547e+01,9.521514892578125000e+00,1.102416038513183594e+01,1.445014095306396484e+01,1.403934955596923828e+01,1.290567111968994141e+01,1.604088592529296875e+01,1.804135894775390625e+01,1.685748291015625000e+01,1.865871047973632812e+01,2.186837387084960938e+01
1.567400074005126953e+01,1.288755607604980469e+01,9.851611137390136719e+00,6.352791309356689453e+00,3.793946981430053711e+00,0.000000000000000000e+00,3.784038782119750977e+00,6.800491809844970703e+00,8.982049942016601562e+00,1.194747257232666016e+01,1.109518337249755859e+01,9.537706375122070312e+00,1.001279067993164062e+01,7.672459602355957031e+00,1.016598129272460938e+01,8.917758941650390625e+00,5.841598510742187500e+00,8.880701065063476562e+00,1.115296268463134766e+01,9.685096740722656250e+00,1.013406753540039062e+01,1.349449157714843750e+01,1.467222785949707031e+01,1.432192420959472656e+01,1.620719528198242188e+01,1.887076568603515625e+01,1.935737609863281250e+01,1.983372688293457031e+01,1.736964416503906250e+01,1.611960601806640625e+01,1.251646804809570312e+01,1.075500774383544922e+01,7.242661952972412109e+00,6.277721881866455078e+00,5.255722522735595703e+00,6.021304130554199219e+00,8.137066841125488281e+00,1.060377407073974609e+01,1.290913867950439453e+01,1.375382995605468750e+01,1.405067062377929688e+01,1.347934818267822266e+01,1.108360767364501953e+01,1.121880245208740234e+01,1.315764045715332031e+01,1.384022808074951172e+01,1.029381179809570312e+01,1.016807746887207031e+01,1.369211292266845703e+01,1.288959884643554688e+01,1.043560218811035156e+01,1.330619716644287109e+01,1.579364776611328125e+01,1.441688728332519531e+01,1.434180831909179688e+01,1.775974082946777344e+01,1.703158950805664062e+01,1.896494865417480469e+01,1.756386756896972656e+01,1.426238346099853516e+01,1.614697647094726562e+01,1.458063888549804688e+01,1.108094787597656250e+01,8.649970054626464844e+00,5.089159965515136719e+00,4.587797641754150391e+00,6.753793239593505859e+00,8.813776016235351562e+00,1.183819293975830078e+01,1.496945762634277344e+01,1.701854515075683594e+01,1.928744697570800781e+01,1.657703971862792969e+01,1.689092445373535156e+01,1.419953346252441406e+01,1.381428050994873047e+01,1.170014476776123047e+01,9.756987571716308594e+00,1.066571617126464844e+01,1.415539550781250000e+01,1.474782085418701172e+01,1.380854320526123047e+01,1.630876731872558594e+01,1.877551460266113281e+01,1.828478050231933594e+01,1.988987159729003906e+01,2.288897705078125000e+01
1.842837333679199219e+01,1.596547794342041016e+01,1.302074623107910156e+01,9.614623069763183594e+00,7.286835193634033203e+00,3.784038782119750977e+00,0.000000000000000000e+00,3.757072687149047852e+00,5.842247009277343750e+00,8.452404022216796875e+00,7.320737838745117188e+00,6.004300117492675781e+00,7.132641792297363281e+00,6.130243301391601562e+00,9.388870239257812500e+00,9.670757293701171875e+00,6.769402027130126953e+00,8.777727127075195312e+00,1.188351917266845703e+01,1.153328132629394531e+01,1.142068099975585938e+01,1.431721401214599609e+01,1.626543998718261719e+01,1.631783676147460938e+01,1.751394081115722656e+01,2.019056701660156250e+01,2.131212425231933594e+01,2.165089225769042969e+01,1.961360549926757812e+01,1.818585777282714844e+01,1.475342750549316406e+01,1.275755310058593750e+01,8.933513641357421875e+00,7.899746894836425781e+00,5.042520046234130859e+00,5.939066410064697266e+00,6.054824352264404297e+00,8.318417549133300781e+00,9.869155883789062500e+00,1.043216991424560547e+01,1.134031677246093750e+01,1.131673622131347656e+01,9.904636383056640625e+00,1.082701206207275391e+01,1.349718379974365234e+01,1.478020954132080078e+01,1.173598670959472656e+01,1.178852939605712891e+01,1.556328582763671875e+01,1.530885219573974609e+01,1.334154987335205078e+01,1.604152679443359375e+01,1.870286178588867188e+01,1.776387977600097656e+01,1.774064636230468750e+01,2.096060752868652344e+01,1.986611557006835938e+01,2.132061576843261719e+01,1.953434753417968750e+01,1.602756500244140625e+01,1.778910827636718750e+01,1.631238937377929688e+01,1.319244956970214844e+01,1.043615055084228516e+01,7.248454570770263672e+00,7.606620788574218750e+00,1.040564537048339844e+01,1.248359870910644531e+01,1.553359603881835938e+01,1.851311683654785156e+01,2.033363533020019531e+01,2.280566787719726562e+01,2.018266868591308594e+01,2.065388298034667969e+01,1.797853660583496094e+01,1.745802879333496094e+01,1.516969108581542969e+01,1.276232719421386719e+01,1.310351467132568359e+01,1.652678298950195312e+01,1.774318313598632812e+01,1.675974273681640625e+01,1.875791740417480469e+01,2.156919288635253906e+01,2.139328956604003906e+01,2.268843460083007812e+01,2.562182807922363281e+01
1.883258247375488281e+01,1.686639785766601562e+01,1.428394031524658203e+01,1.117477416992187500e+01,9.747115135192871094e+00,6.800491809844970703e+00,3.757072687149047852e+00,0.000000000000000000e+00,3.855556011199951172e+00,5.481650829315185547e+00,5.598532676696777344e+00,6.086669921875000000e+00,7.030072212219238281e+00,7.173841953277587891e+00,9.799984931945800781e+00,1.105132102966308594e+01,7.971693515777587891e+00,8.262317657470703125e+00,1.194923496246337891e+01,1.218149662017822266e+01,1.101930713653564453e+01,1.346289634704589844e+01,1.615540313720703125e+01,1.620269775390625000e+01,1.655847167968750000e+01,1.937606239318847656e+01,2.101668930053710938e+01,2.096781349182128906e+01,1.938501739501953125e+01,1.772642707824707031e+01,1.466068744659423828e+01,1.269140911102294922e+01,9.019779205322265625e+00,8.842501640319824219e+00,6.002966880798339844e+00,8.260732650756835938e+00,7.460525989532470703e+00,8.030398368835449219e+00,9.230201721191406250e+00,1.023413658142089844e+01,1.232094860076904297e+01,1.241756820678710938e+01,1.188878822326660156e+01,1.259685230255126953e+01,1.582543945312500000e+01,1.683837890625000000e+01,1.398126888275146484e+01,1.478199672698974609e+01,1.844083595275878906e+01,1.791201019287109375e+01,1.635948371887207031e+01,1.935032844543457031e+01,2.171184539794921875e+01,2.063363647460937500e+01,2.098233032226562500e+01,2.427254867553710938e+01,2.341223716735839844e+01,2.489736175537109375e+01,2.321428489685058594e+01,1.974350738525390625e+01,2.151670646667480469e+01,1.997004127502441406e+01,1.690800285339355469e+01,1.399055480957031250e+01,1.067079162597656250e+01,1.049031543731689453e+01,1.336709117889404297e+01,1.473344326019287109e+01,1.761176681518554688e+01,2.014222335815429688e+01,2.148866653442382812e+01,2.435603904724121094e+01,2.211680984497070312e+01,2.297001075744628906e+01,2.061809349060058594e+01,1.990757179260253906e+01,1.800133514404296875e+01,1.543434906005859375e+01,1.501987838745117188e+01,1.858821487426757812e+01,1.999836349487304688e+01,1.845638465881347656e+01,2.009305381774902344e+01,2.326459693908691406e+01,2.301275825500488281e+01,2.374488830566406250e+01,2.680159378051757812e+01
2.146561431884765625e+01,1.922695732116699219e+01,1.702892303466796875e+01,1.360415077209472656e+01,1.243705463409423828e+01,8.982049942016601562e+00,5.842247009277343750e+00,3.855556011199951172e+00,0.000000000000000000e+00,3.798348188400268555e+00,5.251347541809082031e+00,4.750458240509033203e+00,3.928181648254394531e+00,5.240970611572265625e+00,7.447416782379150391e+00,9.927178382873535156e+00,7.987494945526123047e+00,7.507182121276855469e+00,1.102811241149902344e+01,1.243269252777099609e+01,1.175957489013671875e+01,1.332631969451904297e+01,1.614074707031250000e+01,1.706212997436523438e+01,1.723948669433593750e+01,1.947170066833496094e+01,2.157368278503417969e+01,2.199973297119140625e+01,2.090826606750488281e+01,1.981797027587890625e+01,1.705833244323730469e+01,1.570790672302246094e+01,1.214224147796630859e+01,1.242487907409667969e+01,9.669858932495117188e+00,1.131316947937011719e+01,9.936662673950195312e+00,1.089556598663330078e+01,1.090484428405761719e+01,1.067528629302978516e+01,1.289545440673828125e+01,1.408018016815185547e+01,1.410008430480957031e+01,1.555879497528076172e+01,1.864120864868164062e+01,2.011068153381347656e+01,1.729650878906250000e+01,1.753199768066406250e+01,2.132834243774414062e+01,2.107887840270996094e+01,1.913349151611328125e+01,2.181754302978515625e+01,2.450872993469238281e+01,2.337038230895996094e+01,2.322131538391113281e+01,2.656752204895019531e+01,2.539862823486328125e+01,2.683432388305664062e+01,2.472260475158691406e+01,2.102839279174804688e+01,2.219873809814453125e+01,2.024823951721191406e+01,1.767337799072265625e+01,1.432081317901611328e+01,1.137612438201904297e+01,1.151191997528076172e+01,1.498902893066406250e+01,1.654885673522949219e+01,1.982980918884277344e+01,2.224649810791015625e+01,2.393065452575683594e+01,2.688955116271972656e+01,2.476629447937011719e+01,2.519657135009765625e+01,2.255625534057617188e+01,2.130740165710449219e+01,1.906732368469238281e+01,1.594953060150146484e+01,1.498003387451171875e+01,1.818142890930175781e+01,2.027252769470214844e+01,1.894898796081542969e+01,1.991794776916503906e+01,2.328105163574218750e+01,2.362043571472167969e+01,2.418519210815429688e+01,2.689776802062988281e+01
2.361458969116210938e+01,2.181429290771484375e+01,1.954898643493652344e+01,1.643113327026367188e+01,1.517269706726074219e+01,1.194747257232666016e+01,8.452404022216796875e+00,5.481650829315185547e+00,3.798348188400268555e+00,0.000000000000000000e+00,3.835505962371826172e+00,5.908637046813964844e+00,6.433365821838378906e+00,8.891080856323242188e+00,1.089815807342529297e+01,1.366528701782226562e+01,1.164016056060791016e+01,1.066254615783691406e+01,1.426564121246337891e+01,1.575399208068847656e+01,1.446565246582031250e+01,1.579653358459472656e+01,1.900356292724609375e+01,1.972088241577148438e+01,1.932790756225585938e+01,2.171705436706542969e+01,2.408176040649414062e+01,2.408721160888671875e+01,2.319800376892089844e+01,2.173237419128417969e+01,1.914514160156250000e+01,1.747010993957519531e+01,1.406623554229736328e+01,1.414581584930419922e+01,1.110514068603515625e+01,1.281711387634277344e+01,1.060703277587890625e+01,1.038114356994628906e+01,9.565147399902343750e+00,9.496910095214843750e+00,1.259046268463134766e+01,1.383439826965332031e+01,1.473769950866699219e+01,1.620441246032714844e+01,1.963655471801757812e+01,2.113859176635742188e+01,1.876376724243164062e+01,1.941807937622070312e+01,2.313624572753906250e+01,2.301734542846679688e+01,2.156603431701660156e+01,2.432608222961425781e+01,2.689216423034667969e+01,2.600698089599609375e+01,2.617603492736816406e+01,2.939667129516601562e+01,2.821200942993164062e+01,2.939112663269042969e+01,2.730768775939941406e+01,2.368457794189453125e+01,2.506385803222656250e+01,2.341297340393066406e+01,2.086242103576660156e+01,1.769241142272949219e+01,1.483972263336181641e+01,1.506048202514648438e+01,1.835667037963867188e+01,1.981743812561035156e+01,2.287178611755371094e+01,2.522611999511718750e+01,2.654125022888183594e+01,2.958742904663085938e+01,2.750514221191406250e+01,2.827777481079101562e+01,2.582147598266601562e+01,2.478291320800781250e+01,2.266917610168457031e+01,1.966742134094238281e+01,1.870465850830078125e+01,2.194342231750488281e+01,2.399975395202636719e+01,2.251080703735351562e+01,2.345500755310058594e+01,2.689713478088378906e+01,2.711079406738281250e+01,2.747681045532226562e+01,3.028406333923339844e+01
2.431401824951171875e+01,2.238414573669433594e+01,1.959616661071777344e+01,1.646219444274902344e+01,1.436401844024658203e+01,1.109518337249755859e+01,7.320737838745117188e+00,5.598532676696777344e+00,5.251347541809082031e+00,3.835505962371826172e+00,0.000000000000000000e+00,3.835198402404785156e+00,6.585258960723876953e+00,9.204240798950195312e+00,1.222451972961425781e+01,1.452265357971191406e+01,1.240604400634765625e+01,1.258835697174072266e+01,1.617174720764160156e+01,1.714124870300292969e+01,1.627857398986816406e+01,1.822608947753906250e+01,2.108628654479980469e+01,2.155917358398437500e+01,2.168723106384277344e+01,2.427160644531250000e+01,2.624374961853027344e+01,2.627710914611816406e+01,2.490350151062011719e+01,2.321799087524414062e+01,2.020394897460937500e+01,1.801519584655761719e+01,1.436762142181396484e+01,1.341691684722900391e+01,9.815211296081542969e+00,1.048933029174804688e+01,7.552996635437011719e+00,7.680322170257568359e+00,6.245899677276611328e+00,5.779184341430664062e+00,8.781628608703613281e+00,1.008646106719970703e+01,1.129340648651123047e+01,1.318384933471679688e+01,1.653407478332519531e+01,1.845120620727539062e+01,1.647651863098144531e+01,1.686403083801269531e+01,2.055294799804687500e+01,2.094302558898925781e+01,1.970585632324218750e+01,2.216535949707031250e+01,2.487833213806152344e+01,2.448662757873535156e+01,2.462034416198730469e+01,2.755085372924804688e+01,2.607678794860839844e+01,2.685842704772949219e+01,2.469045829772949219e+01,2.115923118591308594e+01,2.272722053527832031e+01,2.153410720825195312e+01,1.905372810363769531e+01,1.628035736083984375e+01,1.381916904449462891e+01,1.463980865478515625e+01,1.769226264953613281e+01,1.970782470703125000e+01,2.269819068908691406e+01,2.548393630981445312e+01,2.693550682067871094e+01,2.964174270629882812e+01,2.714875984191894531e+01,2.788859176635742188e+01,2.529445648193359375e+01,2.469375991821289062e+01,2.230944252014160156e+01,1.956345176696777344e+01,1.932793617248535156e+01,2.253425598144531250e+01,2.437975883483886719e+01,2.330706787109375000e+01,2.468254661560058594e+01,2.785411071777343750e+01,2.800458908081054688e+01,2.885242271423339844e+01,3.168772315979003906e+01
2.418495559692382812e+01,2.174528503417968750e+01,1.897846984863281250e+01,1.548367881774902344e+01,1.319821834564208984e+01,9.537706375122070312e+00,6.004300117492675781e+00,6.086669921875000000e+00,4.750458240509033203e+00,5.908637046813964844e+00,3.835198402404785156e+00,0.000000000000000000e+00,3.798683881759643555e+00,6.328168869018554688e+00,9.731536865234375000e+00,1.188091087341308594e+01,1.043636798858642578e+01,1.135106086730957031e+01,1.450489997863769531e+01,1.557065296173095703e+01,1.556946563720703125e+01,1.753548431396484375e+01,1.992469596862792969e+01,2.078736877441406250e+01,2.146348571777343750e+01,2.372023773193359375e+01,2.550595283508300781e+01,2.606706237792968750e+01,2.457671356201171875e+01,2.334808158874511719e+01,2.018951225280761719e+01,1.832994270324707031e+01,1.452019691467285156e+01,1.355441093444824219e+01,1.008281135559082031e+01,1.006717586517333984e+01,7.667573451995849609e+00,9.506011962890625000e+00,8.525609016418457031e+00,7.042134761810302734e+00,8.574831962585449219e+00,1.048358726501464844e+01,1.099046039581298828e+01,1.338203239440917969e+01,1.619459152221679688e+01,1.844206809997558594e+01,1.618865585327148438e+01,1.576192378997802734e+01,1.958710861206054688e+01,2.018774223327636719e+01,1.837117385864257812e+01,2.047559165954589844e+01,2.354034042358398438e+01,2.309053421020507812e+01,2.267259597778320312e+01,2.561792182922363281e+01,2.386733627319335938e+01,2.468890762329101562e+01,2.221452713012695312e+01,1.851647758483886719e+01,1.964634895324707031e+01,1.818229103088378906e+01,1.598367881774902344e+01,1.303967761993408203e+01,1.098379802703857422e+01,1.226643848419189453e+01,1.554948616027832031e+01,1.799976730346679688e+01,2.129982757568359375e+01,2.425803947448730469e+01,2.621283721923828125e+01,2.873918533325195312e+01,2.610470962524414062e+01,2.633845329284667969e+01,2.340003395080566406e+01,2.258178138732910156e+01,1.981916046142578125e+01,1.689438056945800781e+01,1.682214164733886719e+01,1.971776008605957031e+01,2.177080345153808594e+01,2.116800117492675781e+01,2.244456100463867188e+01,2.545085334777832031e+01,2.594719886779785156e+01,2.708664703369140625e+01,2.966251754760742188e+01
2.396659851074218750e+01,2.130039787292480469e+01,1.904745292663574219e+01,1.535056591033935547e+01,1.377987289428710938e+01,1.001279067993164062e+01,7.132641792297363281e+00,7.030072212219238281e+00,3.928181648254394531e+00,6.433365821838378906e+00,6.585258960723876953e+00,3.798683881759643555e+00,0.000000000000000000e+00,3.795753479003906250e+00,6.380434513092041016e+00,9.248350143432617188e+00,8.687475204467773438e+00,9.031021118164062500e+00,1.176517200469970703e+01,1.355097675323486328e+01,1.391662883758544922e+01,1.526753044128417969e+01,1.756855201721191406e+01,1.903304862976074219e+01,1.966659927368164062e+01,2.143773269653320312e+01,2.345072364807128906e+01,2.441717720031738281e+01,2.329673576354980469e+01,2.261707878112792969e+01,1.975675201416015625e+01,1.858000946044921875e+01,1.491406059265136719e+01,1.481612491607666016e+01,1.191170024871826172e+01,1.248294639587402344e+01,1.088645553588867188e+01,1.278751754760742188e+01,1.215959548950195312e+01,1.072666168212890625e+01,1.216501712799072266e+01,1.419613838195800781e+01,1.432169151306152344e+01,1.651718330383300781e+01,1.915830993652343750e+01,2.119642257690429688e+01,1.851407432556152344e+01,1.793066406250000000e+01,2.178504371643066406e+01,2.205282783508300781e+01,1.974465942382812500e+01,2.187968826293945312e+01,2.498521041870117188e+01,2.405824851989746094e+01,2.331878089904785156e+01,2.651533508300781250e+01,2.486933517456054688e+01,2.606886482238769531e+01,2.350585937500000000e+01,1.968765068054199219e+01,2.028670692443847656e+01,1.817166328430175781e+01,1.618710899353027344e+01,1.273700618743896484e+01,1.062608242034912109e+01,1.156181335449218750e+01,1.525506210327148438e+01,1.744073104858398438e+01,2.101319313049316406e+01,2.366846275329589844e+01,2.585017585754394531e+01,2.855492210388183594e+01,2.621231651306152344e+01,2.612308120727539062e+01,2.308290100097656250e+01,2.166193008422851562e+01,1.888413238525390625e+01,1.552872848510742188e+01,1.476340961456298828e+01,1.741202735900878906e+01,1.992477798461914062e+01,1.929189491271972656e+01,2.000668907165527344e+01,2.317726135253906250e+01,2.405453872680664062e+01,2.494761657714843750e+01,2.727287101745605469e+01
2.121870231628417969e+01,1.826745605468750000e+01,1.622713088989257812e+01,1.243748664855957031e+01,1.124507236480712891e+01,7.672459602355957031e+00,6.130243301391601562e+00,7.173841953277587891e+00,5.240970611572265625e+00,8.891080856323242188e+00,9.204240798950195312e+00,6.328168869018554688e+00,3.795753479003906250e+00,0.000000000000000000e+00,3.800743341445922852e+00,5.617848396301269531e+00,5.240756511688232422e+00,6.523463726043701172e+00,8.770566940307617188e+00,1.017776298522949219e+01,1.120023345947265625e+01,1.279652118682861328e+01,1.455622196197509766e+01,1.604620742797851562e+01,1.721283912658691406e+01,1.886960411071777344e+01,2.051046562194824219e+01,2.175791549682617188e+01,2.044434165954589844e+01,2.008973884582519531e+01,1.720615386962890625e+01,1.642598724365234375e+01,1.292247676849365234e+01,1.318699169158935547e+01,1.102261257171630859e+01,1.176093101501464844e+01,1.136663341522216797e+01,1.374333095550537109e+01,1.409365558624267578e+01,1.323862171173095703e+01,1.415053939819335938e+01,1.557032012939453125e+01,1.474101638793945312e+01,1.646141052246093750e+01,1.875064086914062500e+01,2.042148971557617188e+01,1.731353378295898438e+01,1.656880569458007812e+01,2.033210563659667969e+01,2.022151756286621094e+01,1.750953292846679688e+01,1.968446922302246094e+01,2.270907402038574219e+01,2.139150047302246094e+01,2.047003555297851562e+01,2.384266662597656250e+01,2.243763542175292969e+01,2.405959701538085938e+01,2.169167900085449219e+01,1.790610122680664062e+01,1.842253112792968750e+01,1.594855213165283203e+01,1.373051643371582031e+01,1.006437492370605469e+01,7.603836059570312500e+00,8.144001007080078125e+00,1.194225883483886719e+01,1.401013374328613281e+01,1.769450187683105469e+01,2.027583312988281250e+01,2.269521522521972656e+01,2.532831382751464844e+01,2.306763267517089844e+01,2.273063278198242188e+01,1.963985252380371094e+01,1.799885559082031250e+01,1.525238227844238281e+01,1.181205081939697266e+01,1.098076915740966797e+01,1.372323799133300781e+01,1.614071464538574219e+01,1.553753089904785156e+01,1.636739921569824219e+01,1.945638084411621094e+01,2.030918693542480469e+01,2.134818077087402344e+01,2.366279411315917969e+01
2.137549781799316406e+01,1.835885429382324219e+01,1.706337738037109375e+01,1.340503978729248047e+01,1.321779632568359375e+01,1.016598129272460938e+01,9.388870239257812500e+00,9.799984931945800781e+00,7.447416782379150391e+00,1.089815807342529297e+01,1.222451972961425781e+01,9.731536865234375000e+00,6.380434513092041016e+00,3.800743341445922852e+00,0.000000000000000000e+00,3.906583070755004883e+00,5.417913913726806641e+00,5.247126579284667969e+00,6.175029277801513672e+00,8.727249145507812500e+00,1.016722488403320312e+01,1.073141193389892578e+01,1.226597976684570312e+01,1.451965045928955078e+01,1.555192852020263672e+01,1.653276443481445312e+01,1.843531417846679688e+01,2.012931060791015625e+01,1.933279991149902344e+01,1.963068771362304688e+01,1.727052497863769531e+01,1.730521202087402344e+01,1.426271057128906250e+01,1.539922523498535156e+01,1.386878871917724609e+01,1.509171676635742188e+01,1.501412773132324219e+01,1.715061950683593750e+01,1.757373619079589844e+01,1.675331115722656250e+01,1.785103988647460938e+01,1.935343551635742188e+01,1.847889137268066406e+01,2.000805091857910156e+01,2.223804092407226562e+01,2.366066360473632812e+01,2.033313941955566406e+01,1.964525794982910156e+01,2.328693771362304688e+01,2.282785415649414062e+01,1.987421607971191406e+01,2.207414436340332031e+01,2.495245742797851562e+01,2.318602561950683594e+01,2.208929443359375000e+01,2.562134742736816406e+01,2.445302581787109375e+01,2.641628456115722656e+01,2.411351966857910156e+01,2.039447784423828125e+01,2.049340057373046875e+01,1.754669189453125000e+01,1.560818672180175781e+01,1.183534717559814453e+01,9.573168754577636719e+00,9.355204582214355469e+00,1.306177139282226562e+01,1.445900917053222656e+01,1.818000221252441406e+01,2.021820831298828125e+01,2.273115539550781250e+01,2.554374122619628906e+01,2.373207855224609375e+01,2.313698959350585938e+01,2.012853240966796875e+01,1.783947372436523438e+01,1.535131263732910156e+01,1.163019752502441406e+01,9.673386573791503906e+00,1.200579071044921875e+01,1.492783164978027344e+01,1.413014793395996094e+01,1.412363910675048828e+01,1.745203971862792969e+01,1.871190643310546875e+01,1.931399154663085938e+01,2.133077621459960938e+01
1.896352767944335938e+01,1.562812519073486328e+01,1.452943038940429688e+01,1.098140811920166016e+01,1.119100570678710938e+01,8.917758941650390625e+00,9.670757293701171875e+00,1.105132102966308594e+01,9.927178382873535156e+00,1.366528701782226562e+01,1.452265357971191406e+01,1.188091087341308594e+01,9.248350143432617188e+00,5.617848396301269531e+00,3.906583070755004883e+00,0.000000000000000000e+00,3.848377704620361328e+00,5.542263984680175781e+00,5.000208854675292969e+00,6.172828674316406250e+00,8.827039718627929688e+00,9.957154273986816406e+00,1.040127182006835938e+01,1.243973064422607422e+01,1.435478305816650391e+01,1.528824806213378906e+01,1.644885635375976562e+01,1.842797851562500000e+01,1.720138931274414062e+01,1.779780006408691406e+01,1.535737514495849609e+01,1.572563266754150391e+01,1.303357315063476562e+01,1.426053714752197266e+01,1.353420257568359375e+01,1.460378932952880859e+01,1.548162555694580078e+01,1.796337699890136719e+01,1.906078720092773438e+01,1.860865592956542969e+01,1.920927810668945312e+01,2.019066047668457031e+01,1.858594703674316406e+01,1.968801498413085938e+01,2.145546722412109375e+01,2.253928565979003906e+01,1.900336837768554688e+01,1.812434387207031250e+01,2.149405860900878906e+01,2.074538421630859375e+01,1.750033378601074219e+01,1.959112930297851562e+01,2.231126976013183594e+01,2.024324989318847656e+01,1.895032691955566406e+01,2.254788398742675781e+01,2.163670539855957031e+01,2.395037460327148438e+01,2.192564201354980469e+01,1.840462684631347656e+01,1.847799110412597656e+01,1.536744022369384766e+01,1.324698162078857422e+01,9.650250434875488281e+00,7.396215915679931641e+00,6.537212371826171875e+00,9.884204864501953125e+00,1.110501575469970703e+01,1.485176086425781250e+01,1.686279106140136719e+01,1.968938446044921875e+01,2.227294540405273438e+01,2.047162246704101562e+01,1.956161308288574219e+01,1.649325561523437500e+01,1.403042888641357422e+01,1.156229782104492188e+01,7.823183059692382812e+00,5.817542552947998047e+00,8.394129753112792969e+00,1.108019924163818359e+01,1.044653701782226562e+01,1.083380699157714844e+01,1.394804096221923828e+01,1.510766696929931641e+01,1.611529159545898438e+01,1.817177581787109375e+01
1.631484603881835938e+01,1.324296474456787109e+01,1.167058277130126953e+01,7.987663745880126953e+00,8.150293350219726562e+00,5.841598510742187500e+00,6.769402027130126953e+00,7.971693515777587891e+00,7.987494945526123047e+00,1.164016056060791016e+01,1.240604400634765625e+01,1.043636798858642578e+01,8.687475204467773438e+00,5.240756511688232422e+00,5.417913913726806641e+00,3.848377704620361328e+00,0.000000000000000000e+00,3.843460559844970703e+00,5.466962814331054688e+00,5.265900611877441406e+00,6.614869594573974609e+00,8.945909500122070312e+00,1.015216445922851562e+01,1.112447834014892578e+01,1.283531093597412109e+01,1.469911003112792969e+01,1.579844570159912109e+01,1.702462959289550781e+01,1.541598320007324219e+01,1.526241683959960938e+01,1.244528198242187500e+01,1.227565479278564453e+01,9.317008018493652344e+00,1.059626388549804688e+01,9.988866806030273438e+00,1.162035942077636719e+01,1.275842952728271484e+01,1.485899639129638672e+01,1.642952919006347656e+01,1.663627433776855469e+01,1.753085708618164062e+01,1.794310951232910156e+01,1.621620750427246094e+01,1.684785461425781250e+01,1.891970634460449219e+01,1.966753005981445312e+01,1.605765724182128906e+01,1.579174327850341797e+01,1.921357345581054688e+01,1.817709922790527344e+01,1.530162143707275391e+01,1.793686676025390625e+01,2.040040397644042969e+01,1.835721969604492188e+01,1.773194694519042969e+01,2.142080688476562500e+01,2.079807090759277344e+01,2.311507987976074219e+01,2.143227577209472656e+01,1.795929336547851562e+01,1.882460594177246094e+01,1.623297882080078125e+01,1.338413524627685547e+01,9.992257118225097656e+00,6.610720157623291016e+00,5.074326992034912109e+00,8.505558013916015625e+00,9.491798400878906250e+00,1.309767818450927734e+01,1.530484867095947266e+01,1.766619873046875000e+01,2.045554733276367188e+01,1.853775405883789062e+01,1.829999732971191406e+01,1.553299140930175781e+01,1.368001365661621094e+01,1.163384914398193359e+01,8.429702758789062500e+00,7.158766746520996094e+00,1.069770717620849609e+01,1.238888454437255859e+01,1.100242996215820312e+01,1.232548618316650391e+01,1.548112964630126953e+01,1.572611045837402344e+01,1.665723037719726562e+01,1.935122489929199219e+01
1.690455245971679688e+01,1.431730556488037109e+01,1.339190578460693359e+01,1.014099884033203125e+01,1.106048011779785156e+01,8.880701065063476562e+00,8.777727127075195312e+00,8.262317657470703125e+00,7.507182121276855469e+00,1.066254615783691406e+01,1.258835697174072266e+01,1.135106086730957031e+01,9.031021118164062500e+00,6.523463726043701172e+00,5.247126579284667969e+00,5.542263984680175781e+00,3.843460559844970703e+00,0.000000000000000000e+00,3.793857812881469727e+00,5.444463253021240234e+00,5.247679233551025391e+00,6.340040683746337891e+00,8.696129798889160156e+00,1.015996837615966797e+01,1.079472732543945312e+01,1.250550174713134766e+01,1.443532562255859375e+01,1.550314331054687500e+01,1.467285537719726562e+01,1.465892410278320312e+01,1.249731063842773438e+01,1.279839611053466797e+01,1.021105861663818359e+01,1.235036087036132812e+01,1.173034477233886719e+01,1.410781097412109375e+01,1.471974945068359375e+01,1.607953453063964844e+01,1.738364601135253906e+01,1.768821907043457031e+01,1.928278160095214844e+01,1.989007949829101562e+01,1.867604255676269531e+01,1.927225303649902344e+01,2.177485847473144531e+01,2.239228820800781250e+01,1.882253456115722656e+01,1.904529762268066406e+01,2.249428367614746094e+01,2.125236129760742188e+01,1.864867210388183594e+01,2.152150154113769531e+01,2.378095054626464844e+01,2.158617019653320312e+01,2.123991012573242188e+01,2.498628997802734375e+01,2.454864120483398438e+01,2.690547943115234375e+01,2.525295066833496094e+01,2.175458526611328125e+01,2.258116531372070312e+01,1.990237045288085938e+01,1.718616867065429688e+01,1.370323371887207031e+01,1.041199779510498047e+01,8.844903945922851562e+00,1.200197505950927734e+01,1.219665718078613281e+01,1.548466396331787109e+01,1.703627204895019531e+01,1.892685890197753906e+01,2.213854408264160156e+01,2.073893165588378906e+01,2.078658294677734375e+01,1.839325141906738281e+01,1.626443099975585938e+01,1.473763084411621094e+01,1.154112243652343750e+01,9.255182266235351562e+00,1.254295444488525391e+01,1.452381134033203125e+01,1.248168563842773438e+01,1.298294067382812500e+01,1.658514213562011719e+01,1.688303947448730469e+01,1.696061134338378906e+01,1.965407943725585938e+01
