0.000000000000000000e+00,3.800217628479003906e+00,5.423559665679931641e+00,5.223698139190673828e+00,6.498618125915527344e+00,9.019265174865722656e+00,1.003367328643798828e+01,1.023068237304687500e+01,1.059742259979248047e+01,1.273582744598388672e+01,1.443009567260742188e+01,1.431324577331542969e+01,1.649580383300781250e+01,1.915720558166503906e+01,1.992819976806640625e+01,1.843179512023925781e+01,1.915254783630371094e+01,1.703909301757812500e+01,1.419589805603027344e+01,1.274584674835205078e+01,1.104815864562988281e+01,1.336745071411132812e+01,1.449609661102294922e+01,1.796475410461425781e+01,1.943015861511230469e+01,1.869016456604003906e+01,1.645072174072265625e+01,1.360426616668701172e+01,9.983521461486816406e+00,9.027617454528808594e+00,1.176957511901855469e+01,1.320088958740234375e+01,1.542253684997558594e+01,1.863704490661621094e+01,1.780090522766113281e+01,1.874657440185546875e+01,1.907895469665527344e+01,2.114821434020996094e+01,2.119599723815917969e+01,2.451777076721191406e+01,2.340894699096679688e+01,2.040281105041503906e+01,2.273161697387695312e+01,2.511874580383300781e+01,2.277314186096191406e+01,2.172360038757324219e+01,2.542010116577148438e+01,2.653834533691406250e+01,2.454006385803222656e+01,2.710287857055664062e+01,3.015421295166015625e+01,3.011138916015625000e+01,3.367276382446289062e+01,3.294258117675781250e+01,3.062005805969238281e+01,3.272277069091796875e+01,3.565682220458984375e+01,3.423031997680664062e+01,3.108010292053222656e+01,2.793595504760742188e+01,2.635569000244140625e+01,2.300117683410644531e+01,2.289754295349121094e+01,2.664303398132324219e+01,2.725535202026367188e+01,2.928588867187500000e+01,2.880737876892089844e+01,3.120487594604492188e+01,3.006096267700195312e+01,3.057061576843261719e+01,2.912753677368164062e+01,2.809045410156250000e+01,2.754672622680664062e+01,2.540825271606445312e+01,2.261771011352539062e+01,2.305305480957031250e+01,2.427249526977539062e+01,2.524771118164062500e+01,2.654902839660644531e+01,2.885359764099121094e+01,3.025248336791992188e+01,3.268871688842773438e+01,3.105588531494140625e+01,2.771868324279785156e+01,2.564681625366210938e+01,2.239331626892089844e+01,2.095037841796875000e+01,1.935418128967285156e+01,1.837999343872070312e+01,1.810168266296386719e+01,1.628080749511718750e+01,1.712033462524414062e+01,1.509556865692138672e+01,1.371674919128417969e+01,1.508321666717529297e+01,1.408597087860107422e+01,1.613323402404785156e+01,1.710392379760742188e+01,2.001510429382324219e+01,2.239600372314453125e+01,2.554218864440917969e+01,2.895531272888183594e+01,2.790328598022460938e+01,2.571445846557617188e+01,2.705310440063476562e+01,2.621561050415039062e+01,2.643570327758789062e+01,2.363351821899414062e+01,2.120721054077148438e+01,2.186285591125488281e+01,2.154745101928710938e+01,1.811278724670410156e+01,1.659471321105957031e+01,1.862267875671386719e+01,1.746518516540527344e+01,1.366309356689453125e+01,1.475814437866210938e+01,1.674306869506835938e+01,1.402810382843017578e+01,1.174971580505371094e+01,1.493984603881835938e+01,1.573151779174804688e+01,1.259702682495117188e+01,1.387038135528564453e+01,1.209098720550537109e+01
3.800217628479003906e+00,0.000000000000000000e+00,3.904769897460937500e+00,5.472792148590087891e+00,5.278137683868408203e+00,6.696826934814453125e+00,8.858128547668457031e+00,1.005923938751220703e+01,9.971996307373046875e+00,1.103147792816162109e+01,1.274010753631591797e+01,1.360685443878173828e+01,1.570953941345214844e+01,1.785767555236816406e+01,1.821261596679687500e+01,1.619176673889160156e+01,1.678205490112304688e+01,1.423034763336181641e+01,1.109371185302734375e+01,9.145789146423339844e+00,7.334117412567138672e+00,9.729652404785156250e+00,1.130965614318847656e+01,1.488450622558593750e+01,1.629193305969238281e+01,1.516963577270507812e+01,1.304761695861816406e+01,1.002302265167236328e+01,6.594944000244140625e+00,5.589166164398193359e+00,8.521352767944335938e+00,1.057906341552734375e+01,1.319671154022216797e+01,1.598650074005126953e+01,1.465556430816650391e+01,1.531349658966064453e+01,1.537244510650634766e+01,1.750163078308105469e+01,1.761685943603515625e+01,2.084967803955078125e+01,1.962755203247070312e+01,1.665799331665039062e+01,1.912403106689453125e+01,2.141954994201660156e+01,1.910907745361328125e+01,1.825930595397949219e+01,2.198160171508789062e+01,2.307105064392089844e+01,2.131697273254394531e+01,2.399009323120117188e+01,2.686875152587890625e+01,2.670114135742187500e+01,3.018600845336914062e+01,2.930442810058593750e+01,2.698057937622070312e+01,2.920257949829101562e+01,3.204026794433593750e+01,3.051520538330078125e+01,2.740178871154785156e+01,2.419503211975097656e+01,2.259571075439453125e+01,1.929019927978515625e+01,1.931176376342773438e+01,2.308335304260253906e+01,2.370114326477050781e+01,2.563135910034179688e+01,2.523869514465332031e+01,2.766850280761718750e+01,2.661182594299316406e+01,2.735704421997070312e+01,2.602289199829101562e+01,2.490679931640625000e+01,2.460533142089843750e+01,2.262419128417968750e+01,1.996366119384765625e+01,2.015345001220703125e+01,2.103310966491699219e+01,2.204898834228515625e+01,2.317468833923339844e+01,2.558701896667480469e+01,2.694344329833984375e+01,2.957146644592285156e+01,2.820870208740234375e+01,2.474644279479980469e+01,2.251057052612304688e+01,1.916350746154785156e+01,1.788926696777343750e+01,1.610645675659179688e+01,1.549328041076660156e+01,1.523895835876464844e+01,1.399066925048828125e+01,1.522056102752685547e+01,1.291799449920654297e+01,1.084900665283203125e+01,1.179165649414062500e+01,1.085062503814697266e+01,1.271426582336425781e+01,1.409315776824951172e+01,1.693822288513183594e+01,1.968071746826171875e+01,2.291598320007324219e+01,2.645402717590332031e+01,2.581070327758789062e+01,2.364355850219726562e+01,2.503047180175781250e+01,2.384544754028320312e+01,2.437648200988769531e+01,2.187482643127441406e+01,1.904147529602050781e+01,1.957378768920898438e+01,1.983584976196289062e+01,1.653970527648925781e+01,1.442182064056396484e+01,1.665776824951171875e+01,1.624756813049316406e+01,1.240718269348144531e+01,1.299970912933349609e+01,1.567901420593261719e+01,1.370194435119628906e+01,1.099668693542480469e+01,1.402799224853515625e+01,1.570376586914062500e+01,1.304530620574951172e+01,1.371635913848876953e+01,1.101691532135009766e+01
5.423559665679931641e+00,3.904769897460937500e+00,0.000000000000000000e+00,3.776324510574340820e+00,5.576218128204345703e+00,5.465583324432373047e+00,6.086548805236816406e+00,8.160262107849121094e+00,9.466367721557617188e+00,1.021945667266845703e+01,1.077839946746826172e+01,1.144709968566894531e+01,1.427682971954345703e+01,1.609757614135742188e+01,1.715261650085449219e+01,1.497163295745849609e+01,1.485060214996337891e+01,1.241687583923339844e+01,1.011107444763183594e+01,8.959049224853515625e+00,8.795160293579101562e+00,1.165756893157958984e+01,1.394164276123046875e+01,1.762454032897949219e+01,1.864426612854003906e+01,1.691779327392578125e+01,1.447155952453613281e+01,1.093129825592041016e+01,8.180606842041015625e+00,5.339376926422119141e+00,6.929899692535400391e+00,7.935057163238525391e+00,1.000555801391601562e+01,1.324394702911376953e+01,1.266850090026855469e+01,1.399770164489746094e+01,1.501270198822021484e+01,1.737844276428222656e+01,1.822281074523925781e+01,2.146789932250976562e+01,2.009917068481445312e+01,1.767830276489257812e+01,2.062325859069824219e+01,2.272238922119140625e+01,2.054494476318359375e+01,2.033366203308105469e+01,2.404984283447265625e+01,2.495313644409179688e+01,2.359635353088378906e+01,2.651316833496093750e+01,2.907568550109863281e+01,2.851902198791503906e+01,3.186736869812011719e+01,3.064785194396972656e+01,2.810993576049804688e+01,3.039052009582519531e+01,3.299159240722656250e+01,3.115442466735839844e+01,2.788432312011718750e+01,2.459940719604492188e+01,2.253913497924804688e+01,1.895461273193359375e+01,1.831049728393554688e+01,2.196254730224609375e+01,2.277324867248535156e+01,2.518960952758789062e+01,2.507664489746093750e+01,2.786946678161621094e+01,2.729442024230957031e+01,2.806381416320800781e+01,2.724078750610351562e+01,2.653842163085937500e+01,2.673111915588378906e+01,2.517005157470703125e+01,2.240362358093261719e+01,2.200365638732910156e+01,2.242454528808593750e+01,2.285215759277343750e+01,2.345680046081542969e+01,2.540753936767578125e+01,2.628749656677246094e+01,2.871395874023437500e+01,2.719137573242187500e+01,2.375350570678710938e+01,2.203291130065917969e+01,1.906970024108886719e+01,1.844565010070800781e+01,1.730774307250976562e+01,1.740884017944335938e+01,1.778893280029296875e+01,1.707914161682128906e+01,1.874011230468750000e+01,1.646678924560546875e+01,1.394293212890625000e+01,1.410660648345947266e+01,1.246955013275146484e+01,1.328108119964599609e+01,1.392721366882324219e+01,1.614030265808105469e+01,1.856266593933105469e+01,2.137855148315429688e+01,2.494212532043457031e+01,2.404479217529296875e+01,2.233085823059082031e+01,2.422764968872070312e+01,2.349204254150390625e+01,2.443368148803710938e+01,2.167197036743164062e+01,1.881470870971679688e+01,2.009175109863281250e+01,2.053512382507324219e+01,1.696788978576660156e+01,1.531970024108886719e+01,1.819934082031250000e+01,1.779554367065429688e+01,1.406640911102294922e+01,1.536031436920166016e+01,1.820248985290527344e+01,1.619131278991699219e+01,1.403808784484863281e+01,1.736179924011230469e+01,1.892880249023437500e+01,1.643212318420410156e+01,1.746786499023437500e+01,1.477346420288085938e+01
5.223698139190673828e+00,5.472792148590087891e+00,3.776324510574340820e+00,0.000000000000000000e+00,3.842031002044677734e+00,5.381148815155029297e+00,5.038911819458007812e+00,5.257465839385986328e+00,6.739682674407958984e+00,8.674363136291503906e+00,9.643342971801757812e+00,9.235296249389648438e+00,1.184219074249267578e+01,1.431450653076171875e+01,1.559881877899169922e+01,1.418856811523437500e+01,1.467224788665771484e+01,1.310049152374267578e+01,1.097084903717041016e+01,1.084009933471679688e+01,1.065782546997070312e+01,1.396208381652832031e+01,1.626517868041992188e+01,1.971385955810546875e+01,2.127695465087890625e+01,1.962888908386230469e+01,1.760375213623046875e+01,1.410167312622070312e+01,1.129222679138183594e+01,8.683738708496093750e+00,9.706155776977539062e+00,9.659395217895507812e+00,1.199838733673095703e+01,1.544195365905761719e+01,1.486191844940185547e+01,1.676948547363281250e+01,1.773962402343750000e+01,2.047168540954589844e+01,2.142090034484863281e+01,2.448672103881835938e+01,2.276079368591308594e+01,2.030603790283203125e+01,2.327356910705566406e+01,2.508589363098144531e+01,2.249761390686035156e+01,2.228477668762207031e+01,2.606834602355957031e+01,2.659630584716796875e+01,2.488031196594238281e+01,2.795627593994140625e+01,3.059097862243652344e+01,2.989224052429199219e+01,3.340002822875976562e+01,3.247372055053710938e+01,2.971286392211914062e+01,3.162094688415527344e+01,3.441984558105468750e+01,3.285443115234375000e+01,2.941178131103515625e+01,2.640450286865234375e+01,2.461601257324218750e+01,2.100715255737304688e+01,2.064402770996093750e+01,2.418062973022460938e+01,2.452030181884765625e+01,2.689603042602539062e+01,2.634641838073730469e+01,2.895941734313964844e+01,2.818600845336914062e+01,2.845735359191894531e+01,2.755285644531250000e+01,2.717853736877441406e+01,2.722459030151367188e+01,2.574409675598144531e+01,2.262736701965332031e+01,2.222621536254882812e+01,2.305717468261718750e+01,2.324913787841796875e+01,2.417772674560546875e+01,2.593868637084960938e+01,2.704642868041992188e+01,2.912085723876953125e+01,2.716727638244628906e+01,2.397751617431640625e+01,2.240435981750488281e+01,1.957395172119140625e+01,1.859747886657714844e+01,1.790037345886230469e+01,1.763086509704589844e+01,1.841683959960937500e+01,1.735949134826660156e+01,1.921723937988281250e+01,1.757529640197753906e+01,1.525063705444335938e+01,1.535133934020996094e+01,1.316671466827392578e+01,1.421168613433837891e+01,1.411815357208251953e+01,1.660518455505371094e+01,1.843984222412109375e+01,2.128017616271972656e+01,2.458728599548339844e+01,2.322088623046875000e+01,2.127703666687011719e+01,2.295428657531738281e+01,2.259406661987304688e+01,2.311519241333007812e+01,2.002373886108398438e+01,1.766344070434570312e+01,1.909475326538085938e+01,1.890150070190429688e+01,1.516774559020996094e+01,1.426869010925292969e+01,1.706986999511718750e+01,1.595813369750976562e+01,1.234797477722167969e+01,1.443571758270263672e+01,1.677480316162109375e+01,1.430367755889892578e+01,1.290359115600585938e+01,1.658826065063476562e+01,1.754440307617187500e+01,1.521359062194824219e+01,1.703398323059082031e+01,1.483086395263671875e+01
6.498618125915527344e+00,5.278137683868408203e+00,5.576218128204345703e+00,3.842031002044677734e+00,0.000000000000000000e+00,3.772647380828857422e+00,5.820533275604248047e+00,5.671682834625244141e+00,4.701647281646728516e+00,6.298793315887451172e+00,8.606670379638671875e+00,9.048397064208984375e+00,1.062470817565917969e+01,1.312041664123535156e+01,1.349799823760986328e+01,1.212853431701660156e+01,1.339735412597656250e+01,1.183768367767333984e+01,9.014375686645507812e+00,8.925014495849609375e+00,8.275628089904785156e+00,1.176980209350585938e+01,1.419323635101318359e+01,1.727159118652343750e+01,1.933326530456542969e+01,1.765830421447753906e+01,1.630798721313476562e+01,1.299607944488525391e+01,1.048803138732910156e+01,8.422434806823730469e+00,9.369412422180175781e+00,9.753888130187988281e+00,1.299526977539062500e+01,1.589445590972900391e+01,1.439815139770507812e+01,1.611752319335937500e+01,1.638092231750488281e+01,1.933699417114257812e+01,2.014404296875000000e+01,2.291404151916503906e+01,2.087146568298339844e+01,1.826361656188964844e+01,2.113327789306640625e+01,2.264939498901367188e+01,1.973221778869628906e+01,1.947505378723144531e+01,2.325839996337890625e+01,2.350218009948730469e+01,2.157009887695312500e+01,2.473960113525390625e+01,2.737116622924804688e+01,2.661694335937500000e+01,3.021704101562500000e+01,2.954787063598632812e+01,2.672639656066894531e+01,2.841286849975585938e+01,3.138197708129882812e+01,3.009582328796386719e+01,2.664478302001953125e+01,2.384796142578125000e+01,2.248784065246582031e+01,1.905797004699707031e+01,1.935660362243652344e+01,2.288901138305664062e+01,2.278346061706542969e+01,2.477083206176757812e+01,2.382505989074707031e+01,2.613807678222656250e+01,2.504417419433593750e+01,2.514685440063476562e+01,2.401598167419433594e+01,2.362381553649902344e+01,2.355094337463378906e+01,2.211502456665039062e+01,1.889908027648925781e+01,1.851980209350585938e+01,1.957382774353027344e+01,1.990013313293457031e+01,2.118586158752441406e+01,2.316627883911132812e+01,2.467724418640136719e+01,2.681745147705078125e+01,2.492832374572753906e+01,2.175598907470703125e+01,1.980304527282714844e+01,1.674770545959472656e+01,1.530239582061767578e+01,1.448608684539794922e+01,1.393832683563232422e+01,1.488024997711181641e+01,1.389052295684814453e+01,1.610431289672851562e+01,1.488648414611816406e+01,1.239447784423828125e+01,1.219764804840087891e+01,9.774546623229980469e+00,1.123323059082031250e+01,1.126700592041015625e+01,1.429137229919433594e+01,1.628848457336425781e+01,1.953395843505859375e+01,2.279496192932128906e+01,2.172631645202636719e+01,1.932808685302734375e+01,2.055782699584960938e+01,1.978349113464355469e+01,2.006768226623535156e+01,1.721464729309082031e+01,1.475669479370117188e+01,1.570902347564697266e+01,1.553351211547851562e+01,1.194621086120605469e+01,1.065675354003906250e+01,1.330449867248535156e+01,1.239891624450683594e+01,8.707393646240234375e+00,1.065659999847412109e+01,1.320051097869873047e+01,1.113096714019775391e+01,9.721982955932617188e+00,1.339122581481933594e+01,1.471110248565673828e+01,1.292713165283203125e+01,1.467453861236572266e+01,1.219294834136962891e+01
9.019265174865722656e+00,6.696826934814453125e+00,5.465583324432373047e+00,5.381148815155029297e+00,3.772647380828857422e+00,0.000000000000000000e+00,3.874520063400268555e+00,5.851982116699218750e+00,5.786014556884765625e+00,5.037419795989990234e+00,6.140298843383789062e+00,7.870365619659423828e+00,9.920761108398437500e+00,1.142326259613037109e+01,1.190069293975830078e+01,9.686445236206054688e+00,1.022106933593750000e+01,8.231364250183105469e+00,5.645897865295410156e+00,6.151600837707519531e+00,7.097989082336425781e+00,1.081673240661621094e+01,1.395796680450439453e+01,1.706489944458007812e+01,1.873743247985839844e+01,1.641096878051757812e+01,1.503207111358642578e+01,1.142787265777587891e+01,9.829747200012207031e+00,6.911430358886718750e+00,6.381094455718994141e+00,6.168791770935058594e+00,9.681133270263671875e+00,1.231663513183593750e+01,1.073891544342041016e+01,1.278741741180419922e+01,1.344714546203613281e+01,1.665284156799316406e+01,1.802566337585449219e+01,2.064588546752929688e+01,1.839561843872070312e+01,1.627077102661132812e+01,1.954177284240722656e+01,2.080696678161621094e+01,1.805484390258789062e+01,1.844725799560546875e+01,2.217468452453613281e+01,2.227923965454101562e+01,2.089084434509277344e+01,2.425455856323242188e+01,2.649243927001953125e+01,2.538155174255371094e+01,2.878330230712890625e+01,2.773575019836425781e+01,2.478358650207519531e+01,2.662749099731445312e+01,2.932260704040527344e+01,2.771829605102539062e+01,2.419357681274414062e+01,2.128551864624023438e+01,1.957687950134277344e+01,1.598360252380371094e+01,1.595233535766601562e+01,1.940742301940917969e+01,1.939861297607421875e+01,2.165540313720703125e+01,2.098641014099121094e+01,2.361419868469238281e+01,2.297200584411621094e+01,2.333737945556640625e+01,2.270701026916503906e+01,2.253219795227050781e+01,2.304719734191894531e+01,2.205348777770996094e+01,1.898371315002441406e+01,1.795605468750000000e+01,1.828812980651855469e+01,1.819215393066406250e+01,1.887467956542968750e+01,2.060796546936035156e+01,2.171672058105468750e+01,2.391300392150878906e+01,2.216360473632812500e+01,1.884591484069824219e+01,1.711192893981933594e+01,1.424744033813476562e+01,1.355058956146240234e+01,1.310469055175781250e+01,1.355956459045410156e+01,1.494298934936523438e+01,1.489210033416748047e+01,1.751150131225585938e+01,1.603609657287597656e+01,1.288078689575195312e+01,1.177962589263916016e+01,8.951959609985351562e+00,9.131616592407226562e+00,8.863271713256835938e+00,1.129900741577148438e+01,1.346477603912353516e+01,1.652930831909179688e+01,1.998918151855468750e+01,1.915276145935058594e+01,1.712164878845214844e+01,1.883287811279296875e+01,1.803905868530273438e+01,1.900694847106933594e+01,1.629867553710937500e+01,1.335882568359375000e+01,1.481220149993896484e+01,1.545136451721191406e+01,1.191809272766113281e+01,1.037600708007812500e+01,1.368950939178466797e+01,1.364338302612304688e+01,1.030710124969482422e+01,1.201233482360839844e+01,1.514223957061767578e+01,1.381411075592041016e+01,1.237109184265136719e+01,1.575131416320800781e+01,1.762156105041503906e+01,1.615004920959472656e+01,1.747035980224609375e+01,1.448504161834716797e+01
1.003367328643798828e+01,8.858128547668457031e+00,6.086548805236816406e+00,5.038911819458007812e+00,5.820533275604248047e+00,3.874520063400268555e+00,0.000000000000000000e+00,3.755298376083374023e+00,6.165081977844238281e+00,6.068609714508056641e+00,5.218334197998046875e+00,5.568333625793457031e+00,8.796249389648437500e+00,1.027597618103027344e+01,1.198251724243164062e+01,1.018081474304199219e+01,9.981881141662597656e+00,8.812962532043457031e+00,7.850243568420410156e+00,9.219467163085937500e+00,1.078078746795654297e+01,1.439836597442626953e+01,1.753326606750488281e+01,2.078801536560058594e+01,2.222147750854492188e+01,1.979445457458496094e+01,1.806003761291503906e+01,1.429604148864746094e+01,1.265307140350341797e+01,9.199734687805175781e+00,8.076181411743164062e+00,6.183714866638183594e+00,8.626602172851562500e+00,1.187874603271484375e+01,1.144726943969726562e+01,1.420883846282958984e+01,1.574782276153564453e+01,1.894647598266601562e+01,2.071882438659667969e+01,2.339521217346191406e+01,2.118227577209472656e+01,1.942631912231445312e+01,2.286305236816406250e+01,2.409265518188476562e+01,2.149007225036621094e+01,2.212917900085449219e+01,2.581697273254394531e+01,2.586284446716308594e+01,2.462789726257324219e+01,2.804606819152832031e+01,3.016567993164062500e+01,2.887821960449218750e+01,3.218735885620117188e+01,3.097857093811035156e+01,2.791359138488769531e+01,2.971465492248535156e+01,3.224319839477539062e+01,3.046999931335449219e+01,2.685782241821289062e+01,2.398340606689453125e+01,2.196052742004394531e+01,1.823236465454101562e+01,1.756994438171386719e+01,2.078238868713378906e+01,2.091284942626953125e+01,2.359549331665039062e+01,2.311993217468261719e+01,2.596944618225097656e+01,2.568672752380371094e+01,2.591749763488769531e+01,2.565120887756347656e+01,2.583532714843750000e+01,2.655794906616210938e+01,2.575605964660644531e+01,2.259928894042968750e+01,2.135449600219726562e+01,2.154385757446289062e+01,2.098308563232421875e+01,2.132179450988769531e+01,2.252162170410156250e+01,2.320058822631835938e+01,2.501118850708007812e+01,2.293373489379882812e+01,1.982405281066894531e+01,1.877297592163085938e+01,1.646628570556640625e+01,1.625577735900878906e+01,1.642367935180664062e+01,1.711101722717285156e+01,1.874124526977539062e+01,1.863784408569335938e+01,2.121865081787109375e+01,1.974042892456054688e+01,1.669398498535156250e+01,1.563564872741699219e+01,1.269971752166748047e+01,1.237381744384765625e+01,1.128117179870605469e+01,1.292544364929199219e+01,1.430172538757324219e+01,1.673655891418457031e+01,2.003459930419921875e+01,1.860878753662109375e+01,1.707017135620117188e+01,1.924898529052734375e+01,1.920047569274902344e+01,2.032225990295410156e+01,1.721479988098144531e+01,1.467854499816894531e+01,1.688388442993164062e+01,1.726349067687988281e+01,1.353812217712402344e+01,1.296332359313964844e+01,1.645841407775878906e+01,1.594696044921875000e+01,1.285625457763671875e+01,1.523098850250244141e+01,1.801031875610351562e+01,1.627296829223632812e+01,1.533052062988281250e+01,1.894839668273925781e+01,2.034737968444824219e+01,1.871630668640136719e+01,2.046465301513671875e+01,1.779413795471191406e+01
1.023068237304687500e+01,1.005923938751220703e+01,8.160262107849121094e+00,5.257465839385986328e+00,5.671682834625244141e+00,5.851982116699218750e+00,3.755298376083374023e+00,0.000000000000000000e+00,3.835620641708374023e+00,5.683904170989990234e+00,5.967394828796386719e+00,4.221316337585449219e+00,6.828491687774658203e+00,9.498935699462890625e+00,1.132487678527832031e+01,1.071379566192626953e+01,1.152203750610351562e+01,1.131710910797119141e+01,1.023721885681152344e+01,1.186907482147216797e+01,1.278080844879150391e+01,1.650644493103027344e+01,1.939368438720703125e+01,2.247149085998535156e+01,2.436350059509277344e+01,2.221491050720214844e+01,2.074793434143066406e+01,1.710989761352539062e+01,1.506615352630615234e+01,1.203693008422851562e+01,1.149852275848388672e+01,9.828517913818359375e+00,1.228037071228027344e+01,1.548271179199218750e+01,1.491927242279052734e+01,1.770967864990234375e+01,1.892619132995605469e+01,2.222245407104492188e+01,2.379501342773437500e+01,2.641058540344238281e+01,2.405123710632324219e+01,2.207771873474121094e+01,2.536025238037109375e+01,2.648328399658203125e+01,2.355496025085449219e+01,2.396583175659179688e+01,2.769106483459472656e+01,2.751535034179687500e+01,2.586107635498046875e+01,2.930575561523437500e+01,3.158247375488281250e+01,3.031244087219238281e+01,3.378469467163085938e+01,3.293342971801757812e+01,2.977079010009765625e+01,3.122193336486816406e+01,3.398342132568359375e+01,3.254886245727539062e+01,2.886415672302246094e+01,2.626531791687011719e+01,2.461433219909667969e+01,2.099339485168457031e+01,2.073499679565429688e+01,2.387064170837402344e+01,2.359508132934570312e+01,2.606576728820800781e+01,2.513955497741699219e+01,2.768502044677734375e+01,2.707461357116699219e+01,2.681720924377441406e+01,2.631978797912597656e+01,2.669314002990722656e+01,2.711923027038574219e+01,2.626939010620117188e+01,2.284915542602539062e+01,2.179217529296875000e+01,2.251227760314941406e+01,2.191301155090332031e+01,2.272306442260742188e+01,2.386262893676757812e+01,2.489543724060058594e+01,2.638998603820800781e+01,2.393741416931152344e+01,2.113912391662597656e+01,2.010805130004882812e+01,1.786427307128906250e+01,1.709616088867187500e+01,1.749023628234863281e+01,1.759568023681640625e+01,1.938649368286132812e+01,1.881667709350585938e+01,2.139311981201171875e+01,2.044337463378906250e+01,1.775353431701660156e+01,1.691517639160156250e+01,1.380629444122314453e+01,1.404206275939941406e+01,1.255030250549316406e+01,1.462510395050048828e+01,1.542591094970703125e+01,1.793501663208007812e+01,2.085744094848632812e+01,1.897322463989257812e+01,1.705667304992675781e+01,1.879190826416015625e+01,1.908195495605468750e+01,1.957412147521972656e+01,1.614176940917968750e+01,1.428590869903564453e+01,1.644398689270019531e+01,1.599774837493896484e+01,1.216551876068115234e+01,1.245493793487548828e+01,1.562428092956542969e+01,1.429604816436767578e+01,1.144132041931152344e+01,1.449267673492431641e+01,1.662398719787597656e+01,1.446377754211425781e+01,1.427776622772216797e+01,1.805998039245605469e+01,1.883154296875000000e+01,1.739264869689941406e+01,1.974445915222167969e+01,1.760546875000000000e+01
1.059742259979248047e+01,9.971996307373046875e+00,9.466367721557617188e+00,6.739682674407958984e+00,4.701647281646728516e+00,5.786014556884765625e+00,6.165081977844238281e+00,3.835620641708374023e+00,0.000000000000000000e+00,3.771841049194335938e+00,6.404676437377929688e+00,5.811101436614990234e+00,6.274899005889892578e+00,9.335630416870117188e+00,9.877812385559082031e+00,9.641963005065917969e+00,1.161881256103515625e+01,1.146500015258789062e+01,9.609287261962890625e+00,1.118620395660400391e+01,1.148877239227294922e+01,1.515522956848144531e+01,1.790176200866699219e+01,2.056698608398437500e+01,2.293217468261718750e+01,2.094931221008300781e+01,2.007032775878906250e+01,1.671976852416992188e+01,1.476292037963867188e+01,1.237117099761962891e+01,1.214384746551513672e+01,1.117077732086181641e+01,1.436831569671630859e+01,1.712026596069335938e+01,1.570177268981933594e+01,1.815397262573242188e+01,1.862499427795410156e+01,2.201457214355468750e+01,2.329837799072265625e+01,2.567881202697753906e+01,2.311706542968750000e+01,2.091653633117675781e+01,2.397574615478515625e+01,2.487723350524902344e+01,2.163769912719726562e+01,2.186753273010253906e+01,2.554805564880371094e+01,2.512708091735839844e+01,2.315376472473144531e+01,2.660618400573730469e+01,2.894855690002441406e+01,2.771361732482910156e+01,3.130416870117187500e+01,3.080487060546875000e+01,2.763040161132812500e+01,2.880769157409667969e+01,3.180003738403320312e+01,3.072852706909179688e+01,2.706680488586425781e+01,2.471604537963867188e+01,2.357296752929687500e+01,2.018553733825683594e+01,2.063444328308105469e+01,2.378873443603515625e+01,2.307796096801757812e+01,2.508411216735839844e+01,2.369584846496582031e+01,2.584902954101562500e+01,2.479791831970214844e+01,2.427640533447265625e+01,2.342622375488281250e+01,2.376535224914550781e+01,2.393198585510253906e+01,2.305668449401855469e+01,1.951815414428710938e+01,1.860759925842285156e+01,1.973236465454101562e+01,1.932690429687500000e+01,2.066102981567382812e+01,2.207708740234375000e+01,2.364214515686035156e+01,2.519518280029296875e+01,2.277529335021972656e+01,2.003326606750488281e+01,1.853444862365722656e+01,1.602230834960937500e+01,1.457550048828125000e+01,1.487289237976074219e+01,1.449277877807617188e+01,1.640975570678710938e+01,1.573165798187255859e+01,1.849353981018066406e+01,1.806832504272460938e+01,1.549946975708007812e+01,1.456312561035156250e+01,1.134882450103759766e+01,1.211682701110839844e+01,1.068684577941894531e+01,1.345621776580810547e+01,1.437183570861816406e+01,1.739392280578613281e+01,2.021050071716308594e+01,1.861658668518066406e+01,1.604874610900878906e+01,1.710250473022460938e+01,1.694297409057617188e+01,1.693953132629394531e+01,1.365614986419677734e+01,1.186392116546630859e+01,1.341600513458251953e+01,1.265815734863281250e+01,8.842926979064941406e+00,9.078420639038085938e+00,1.195854187011718750e+01,1.047583580017089844e+01,7.655508518218994141e+00,1.090142822265625000e+01,1.289842224121093750e+01,1.097881603240966797e+01,1.114670276641845703e+01,1.482343769073486328e+01,1.565555667877197266e+01,1.475634860992431641e+01,1.716236305236816406e+01,1.507480621337890625e+01
1.273582744598388672e+01,1.103147792816162109e+01,1.021945667266845703e+01,8.674363136291503906e+00,6.298793315887451172e+00,5.037419795989990234e+00,6.068609714508056641e+00,5.683904170989990234e+00,3.771841049194335938e+00,0.000000000000000000e+00,3.807086229324340820e+00,5.473777770996093750e+00,5.641427993774414062e+00,7.300853729248046875e+00,7.233304500579833984e+00,6.092483520507812500e+00,8.170425415039062500e+00,8.066019058227539062e+00,6.496726036071777344e+00,8.950009346008300781e+00,1.020500659942626953e+01,1.385369873046875000e+01,1.707239151000976562e+01,1.952741241455078125e+01,2.175189781188964844e+01,1.929223823547363281e+01,1.872492408752441406e+01,1.538672828674316406e+01,1.426230049133300781e+01,1.170639419555664062e+01,1.050723552703857422e+01,9.177986145019531250e+00,1.260919857025146484e+01,1.474219894409179688e+01,1.291918182373046875e+01,1.550956630706787109e+01,1.594910144805908203e+01,1.954999542236328125e+01,2.120070075988769531e+01,2.325011062622070312e+01,2.039528656005859375e+01,1.860472869873046875e+01,2.187368965148925781e+01,2.237864494323730469e+01,1.915476226806640625e+01,1.993734359741210938e+01,2.350632286071777344e+01,2.280654525756835938e+01,2.122838973999023438e+01,2.486972236633300781e+01,2.683687973022460938e+01,2.524916267395019531e+01,2.868525505065917969e+01,2.798068428039550781e+01,2.466254997253417969e+01,2.583884811401367188e+01,2.865742111206054688e+01,2.745096015930175781e+01,2.372231101989746094e+01,2.143497467041015625e+01,2.024478530883789062e+01,1.688322639465332031e+01,1.741136169433593750e+01,2.037748336791992188e+01,1.945811843872070312e+01,2.147933959960937500e+01,2.009196853637695312e+01,2.235709381103515625e+01,2.156348800659179688e+01,2.115927314758300781e+01,2.069182205200195312e+01,2.126956748962402344e+01,2.194200325012207031e+01,2.152068901062011719e+01,1.809307861328125000e+01,1.655522155761718750e+01,1.710363388061523438e+01,1.629362106323242188e+01,1.725098991394042969e+01,1.849703216552734375e+01,1.991501998901367188e+01,2.151608657836914062e+01,1.920957565307617188e+01,1.634174346923828125e+01,1.487283992767333984e+01,1.247736644744873047e+01,1.148207664489746094e+01,1.225376033782958984e+01,1.269908142089843750e+01,1.513245582580566406e+01,1.534045696258544922e+01,1.854937934875488281e+01,1.806167030334472656e+01,1.495684909820556641e+01,1.316785812377929688e+01,9.549284934997558594e+00,9.275880813598632812e+00,7.217454433441162109e+00,9.716796875000000000e+00,1.068326091766357422e+01,1.381546115875244141e+01,1.680412673950195312e+01,1.557826900482177734e+01,1.305176544189453125e+01,1.437450599670410156e+01,1.395633029937744141e+01,1.457033729553222656e+01,1.153147697448730469e+01,9.039524078369140625e+00,1.099193668365478516e+01,1.119864654541015625e+01,7.512571334838867188e+00,7.244201183319091797e+00,1.083844470977783203e+01,1.052410888671875000e+01,8.159579277038574219e+00,1.084721279144287109e+01,1.352066135406494141e+01,1.260981845855712891e+01,1.251562595367431641e+01,1.582180881500244141e+01,1.736232566833496094e+01,1.685382270812988281e+01,1.873132324218750000e+01,1.609440422058105469e+01
1.443009567260742188e+01,1.274010753631591797e+01,1.077839946746826172e+01,9.643342971801757812e+00,8.606670379638671875e+00,6.140298843383789062e+00,5.218334197998046875e+00,5.967394828796386719e+00,6.404676437377929688e+00,3.807086229324340820e+00,0.000000000000000000e+00,3.775346755981445312e+00,5.398541927337646484e+00,5.552878856658935547e+00,6.982413291931152344e+00,5.210633277893066406e+00,5.582740783691406250e+00,6.127860069274902344e+00,6.452391147613525391e+00,9.637674331665039062e+00,1.198932361602783203e+01,1.558671951293945312e+01,1.909912872314453125e+01,2.174720191955566406e+01,2.350751304626464844e+01,2.066786193847656250e+01,1.977754783630371094e+01,1.622389793395996094e+01,1.549211120605468750e+01,1.231448459625244141e+01,1.013933372497558594e+01,7.515964508056640625e+00,1.024725914001464844e+01,1.231019306182861328e+01,1.118607425689697266e+01,1.442516040802001953e+01,1.569839859008789062e+01,1.935508537292480469e+01,2.156818199157714844e+01,2.357526969909667969e+01,2.070321273803710938e+01,1.946878051757812500e+01,2.303741455078125000e+01,2.344269561767578125e+01,2.053795051574707031e+01,2.181735992431640625e+01,2.529846191406250000e+01,2.459443473815917969e+01,2.351459503173828125e+01,2.721677780151367188e+01,2.887792587280273438e+01,2.702543640136718750e+01,3.022051239013671875e+01,2.911734771728515625e+01,2.571312713623046875e+01,2.703028297424316406e+01,2.949168205261230469e+01,2.791167831420898438e+01,2.412920761108398438e+01,2.176124954223632812e+01,2.007155609130859375e+01,1.654175567626953125e+01,1.634642028808593750e+01,1.904362487792968750e+01,1.832839202880859375e+01,2.086478424072265625e+01,1.989900016784667969e+01,2.257268524169921875e+01,2.241378974914550781e+01,2.219998550415039062e+01,2.236149978637695312e+01,2.323269844055175781e+01,2.440427970886230469e+01,2.430413436889648438e+01,2.104200363159179688e+01,1.908381652832031250e+01,1.899212265014648438e+01,1.765668869018554688e+01,1.782662582397460938e+01,1.847486686706542969e+01,1.918239021301269531e+01,2.055092620849609375e+01,1.813844680786132812e+01,1.530033779144287109e+01,1.460508346557617188e+01,1.287505054473876953e+01,1.297596073150634766e+01,1.426345062255859375e+01,1.549888134002685547e+01,1.805026054382324219e+01,1.865676116943359375e+01,2.187665367126464844e+01,2.104764366149902344e+01,1.769948196411132812e+01,1.566873836517333984e+01,1.208803462982177734e+01,1.077185630798339844e+01,8.216368675231933594e+00,9.250038146972656250e+00,9.642586708068847656e+00,1.201191616058349609e+01,1.509259891510009766e+01,1.358055496215820312e+01,1.185719108581542969e+01,1.409600639343261719e+01,1.428607463836669922e+01,1.565598964691162109e+01,1.257699871063232422e+01,1.009850311279296875e+01,1.294315147399902344e+01,1.363931941986083984e+01,1.021657943725585938e+01,1.031570243835449219e+01,1.408431243896484375e+01,1.404180240631103516e+01,1.194555664062500000e+01,1.452880191802978516e+01,1.729229545593261719e+01,1.638535499572753906e+01,1.619993019104003906e+01,1.953410911560058594e+01,2.111809730529785156e+01,2.040912628173828125e+01,2.222933578491210938e+01,1.945205116271972656e+01
1.431324577331542969e+01,1.360685443878173828e+01,1.144709968566894531e+01,9.235296249389648438e+00,9.048397064208984375e+00,7.870365619659423828e+00,5.568333625793457031e+00,4.221316337585449219e+00,5.811101436614990234e+00,5.473777770996093750e+00,3.775346755981445312e+00,0.000000000000000000e+00,3.819121360778808594e+00,5.583318233489990234e+00,8.229343414306640625e+00,8.066005706787109375e+00,8.676503181457519531e+00,9.768642425537109375e+00,1.001341915130615234e+01,1.278706073760986328e+01,1.461330413818359375e+01,1.834870529174804688e+01,2.163086318969726562e+01,2.444602775573730469e+01,2.633311843872070312e+01,2.374812698364257812e+01,2.261616134643554688e+01,1.896452331542968750e+01,1.763431167602539062e+01,1.437932682037353516e+01,1.276018619537353516e+01,1.009348869323730469e+01,1.225840663909912109e+01,1.489169597625732422e+01,1.441493034362792969e+01,1.773071289062500000e+01,1.919651794433593750e+01,2.276113510131835938e+01,2.484971237182617188e+01,2.706511688232421875e+01,2.432027053833007812e+01,2.289481353759765625e+01,2.639463996887207031e+01,2.698288917541503906e+01,2.400616645812988281e+01,2.501518249511718750e+01,2.858578109741210938e+01,2.793897819519042969e+01,2.658016395568847656e+01,3.024130439758300781e+01,3.210174179077148438e+01,3.035790443420410156e+01,3.365704727172851562e+01,3.270869827270507812e+01,2.929976272583007812e+01,3.048662376403808594e+01,3.304970169067382812e+01,3.158963394165039062e+01,2.779170417785644531e+01,2.549668693542480469e+01,2.384638404846191406e+01,2.030457496643066406e+01,1.998202133178710938e+01,2.265806961059570312e+01,2.199233245849609375e+01,2.457558631896972656e+01,2.353156852722167969e+01,2.610038948059082031e+01,2.582671546936035156e+01,2.532244491577148438e+01,2.535172653198242188e+01,2.630923652648925781e+01,2.721890449523925781e+01,2.695853424072265625e+01,2.351159667968750000e+01,2.182038879394531250e+01,2.213970184326171875e+01,2.083646965026855469e+01,2.125725936889648438e+01,2.176989364624023438e+01,2.251672363281250000e+01,2.354450225830078125e+01,2.079895782470703125e+01,1.832168960571289062e+01,1.790306091308593750e+01,1.634395980834960938e+01,1.612170410156250000e+01,1.741588211059570312e+01,1.813648414611816406e+01,2.059154319763183594e+01,2.064964485168457031e+01,2.367946243286132812e+01,2.299148178100585938e+01,1.996440124511718750e+01,1.839253807067871094e+01,1.485947227478027344e+01,1.414714908599853516e+01,1.165187549591064453e+01,1.286998367309570312e+01,1.271620178222656250e+01,1.468513393402099609e+01,1.729987335205078125e+01,1.507640838623046875e+01,1.344419860839843750e+01,1.551506423950195312e+01,1.637296676635742188e+01,1.721077728271484375e+01,1.368705368041992188e+01,1.209829807281494141e+01,1.501801776885986328e+01,1.482738208770751953e+01,1.123313808441162109e+01,1.226351070404052734e+01,1.571728038787841797e+01,1.475799560546875000e+01,1.272444629669189453e+01,1.593302536010742188e+01,1.811243057250976562e+01,1.656826972961425781e+01,1.687659263610839844e+01,2.047082328796386719e+01,2.141241264343261719e+01,2.054983711242675781e+01,2.289108848571777344e+01,2.058239173889160156e+01
